0.9999750096319313 0.007069661695546998 2.011811209150586e-08 0.2246687114238739
-0.0070696616955479175 0.9999750096319304 4.599119854779498e-08 2.196345667471178e-05
-1.979246714951035e-08 -4.6132277443506376e-08 0.9999999999999988 -72.71369934082031
0 0 0 1
0.9999750096319314 0.007069661695547121 1.4038611161832753e-08 0.2246687114238739
-0.007069661695547794 0.9999750096319303 4.852658708555682e-08 2.2026875740266405e-05
-1.3695193811306439e-08 -4.862462261031975e-08 0.9999999999999988 -72.71353912353516
0 0 0 1
0.9999750096319312 0.007069661695546902 2.1969702991069783e-08 0.2246687114238739
-0.007069661695548014 0.9999750096319302 5.096291768785121e-08 2.2088410332798958e-05
-2.1608863408200647e-08 -5.1116962458466226e-08 0.9999999999999984 -72.71337890625
0 0 0 1
0.9999750096319313 0.0070696616955469894 1.7691565643823623e-08 0.2246687114238739
-0.007069661695547926 0.9999750096319301 5.3485572128112055e-08 2.2147965864860453e-05
-1.7312998661441673e-08 -5.360930887588569e-08 0.9999999999999984 -72.71321868896484
0 0 0 1
0.9999750096319314 0.007069661695547189 9.759476717556313e-09 0.2246687114238739
-0.007069661695547727 0.9999750096319299 5.6152743277954114e-08 2.2208125301403925e-05
-9.362251965100994e-09 -5.622033619236288e-08 0.9999999999999983 -72.71305084228516
0 0 0 1
0.9999750096319314 0.0070696616955471005 1.2281735428577451e-08 0.2246687114238739
-0.007069661695547815 0.9999750096319298 5.9102062818216915e-08 2.2273583454079926e-05
-1.186359695460503e-08 -5.918741354210978e-08 0.9999999999999982 -72.71286010742188
0 0 0 1
0.9999750096319313 0.007069661695546915 1.7862236480794457e-08 0.2246687114238739
-0.007069661695548001 0.9999750096319295 6.143631184982928e-08 2.2323611119645648e-05
-1.7427456198701926e-08 -6.15610564906713e-08 0.999999999999998 -72.71270751953125
0 0 0 1
0.9999750096319314 0.007069661695547211 7.928634928693266e-09 0.2246687114238739
-0.007069661695547705 0.9999750096319294 6.41176315934301e-08 2.237613261968363e-05
-7.475146869298111e-09 -6.417208203156371e-08 0.9999999999999979 -72.71253967285156
0 0 0 1
0.9999750096319314 0.007069661695547211 7.653523658496182e-09 0.2246687114238739
-0.007069661695547705 0.9999750096319292 6.661197107957557e-08 2.24237228394486e-05
-7.1824083396299226e-09 -6.666441423983404e-08 0.9999999999999978 -72.7123794555664
0 0 0 1
0.9999750096319314 0.0070696616955469626 1.4461168765475932e-08 0.2246687114238739
-0.007069661695547953 0.9999750096319291 6.964967614991846e-08 2.2479049221146852e-05
-1.3968407775984104e-08 -6.975017113997588e-08 0.9999999999999974 -72.7121810913086
0 0 0 1
0.9999750096319313 0.007069661695546879 1.6269778694421626e-08 0.2246687114238739
-0.007069661695548036 0.9999750096319289 7.224797137410217e-08 2.252263220725581e-05
-1.5758603440676433e-08 -7.236118769090267e-08 0.9999999999999972 -72.7120132446289
0 0 0 1
0.9999750096319311 0.007069661695546399 2.860420702147584e-08 0.2246687114238739
-0.007069661695548517 0.9999750096319286 7.465312956427832e-08 2.256136212963611e-05
-2.8075719872785173e-08 -7.485348600227827e-08 0.9999999999999968 -72.71185302734375
0 0 0 1
0.9999750096319314 0.0070696616955471395 8.51411425874047e-09 0.2246687114238739
-0.007069661695547776 0.9999750096319285 7.728758669244298e-08 2.259719076391775e-05
-7.967504449981095e-09 -7.73458471489731e-08 0.999999999999997 -72.7116928100586
0 0 0 1
0.9999750096319314 0.007069661695547292 4.4361263738710616e-09 0.2246687114238739
-0.0070696616955476235 0.9999750096319283 7.980881952949296e-08 2.2630014427704737e-05
-3.871794214043415e-09 -7.983818698755773e-08 0.9999999999999968 -72.71153259277344
0 0 0 1
0.9999750096319313 0.007069661695546726 1.7930978765770727e-08 0.2246687114238739
-0.00706966169554819 0.999975009631928 8.291792184946153e-08 2.26676493184641e-05
-1.734432906521074e-08 -8.304261564166689e-08 0.9999999999999964 -72.7113265991211
0 0 0 1
0.9999750096319314 0.007069661695547558 -2.0256792457009824e-09 0.2246687114238739
-0.007069661695547358 0.9999750096319279 8.555143123587313e-08 2.2693244318361394e-05
2.630448240699981e-09 -8.553497240875098e-08 0.9999999999999963 -72.71116638183594
0 0 0 1
0.9999750096319314 0.007069661695547018 1.0308740199624093e-08 0.2246687114238739
-0.007069661695547898 0.9999750096319276 8.795658945744507e-08 2.271551602461841e-05
-9.68665930967962e-09 -8.802727068873079e-08 0.9999999999999961 -72.71100616455078
0 0 0 1
0.9999750096319312 0.0070696616955464005 2.3710636892468757e-08 0.2246687114238739
-0.007069661695548515 0.9999750096319274 9.035420127504862e-08 2.2734369849786162e-05
-2.307127078144996e-08 -9.051956945560175e-08 0.9999999999999957 -72.71084594726562
0 0 0 1
0.9999750096319314 0.007069661695547268 4.421150936319453e-09 0.2246687114238739
-0.007069661695547648 0.9999750096319272 9.298299327512397e-08 2.274970756843686e-05
-3.763682208310278e-09 -9.3011925634503e-08 0.9999999999999957 -72.71068572998047
0 0 0 1
0.9999750096319314 0.007069661695547275 4.156781743659288e-09 0.2246687114238739
-0.007069661695547641 0.9999750096319269 9.607067276411366e-08 2.2763677407056093e-05
-3.477490775048821e-09 -9.609765896068061e-08 0.9999999999999953 -72.71048736572266
0 0 0 1
0.9999750096319313 0.007069661695546446 2.0894531557499386e-08 0.2246687114238739
-0.00706966169554847 0.9999750096319266 9.8444683464386e-08 2.277079147461336e-05
-2.019803885552432e-08 -9.858994055075408e-08 0.9999999999999949 -72.7103271484375
0 0 0 1
0.9999750096319314 0.007069661695547092 7.609584329349683e-09 0.2246687114238739
-0.007069661695547824 0.9999750096319263 1.0103101902197055e-07 2.277407475048676e-05
-6.895139107421914e-09 -1.0108229140147428e-07 0.9999999999999949 -72.71016693115234
0 0 0 1
0.9999750096319314 0.007069661695548206 -1.4081718518982809e-08 0.2246687114238739
-0.007069661695546709 0.9999750096319261 1.036767992883722e-07 2.2773425371269695e-05
1.4814326436902657e-08 -1.0357465539093127e-07 0.9999999999999946 -72.71000671386719
0 0 0 1
0.9999750096319314 0.0070696616955479045 -8.734383185205091e-09 0.2246687114238739
-0.007069661695547011 0.9999750096319266 9.834384955146325e-08 2.2767042537452653e-05
9.429422588185102e-09 -9.827964277448438e-08 0.9999999999999951 -72.70980834960938
0 0 0 1
0.9999750096319314 0.007069661695547908 -1.13770629715433e-08 0.2246687114238739
-0.007069661695547008 0.9999750096319285 7.73881972440519e-08 2.2757600163458847e-05
1.1923886975004377e-08 -7.730583130624795e-08 0.9999999999999969 -72.70964813232422
0 0 0 1
0.9999750096319314 0.0070696616955478585 -1.4019742757881508e-08 0.2246687114238739
-0.007069661695547057 0.9999750096319299 5.643254493664055e-08 2.274510552524589e-05
1.4418351361823653e-08 -5.6332019838011524e-08 0.9999999999999983 -72.70948791503906
0 0 0 1
0.9999750096319313 0.007069661695547749 -1.6788249339867713e-08 0.2246687114238739
-0.007069661695547166 0.9999750096319309 3.4479004370741505e-08 2.2729636839358136e-05
1.7031584668123356e-08 -3.4359455496089085e-08 0.9999999999999992 -72.70932006835938
0 0 0 1
0.9999750096319313 0.007069661695547589 -1.9430910575041286e-08 0.2246687114238739
-0.007069661695547327 0.9999750096319314 1.3523323575865727e-08 2.2713442376698367e-05
1.952603030284488e-08 -1.3385615672250588e-08 0.9999999999999997 -72.70915985107422
0 0 0 1
0.9999750096319312 0.0070696616955473164 -2.270277677949636e-08 0.2246687114238739
-0.007069661695547599 0.9999750096319314 -1.2421780496823807e-08 2.2692694983561523e-05
2.261439165159326e-08 1.2581971007726112e-08 0.9999999999999997 -72.7089614868164
0 0 0 1
0.9999750096319312 0.007069661695547052 -2.5402565991224934e-08 0.2246687114238739
-0.007069661695547864 0.999975009631931 -3.202013194479486e-08 2.267637501063291e-05
2.517555969357764e-08 3.2198919280244775e-08 0.9999999999999991 -72.7090072631836
0 0 0 1
0.999975009631931 0.007069661695547075 -3.011838509736106e-08 0.2246687114238739
-0.00706966169554784 0.9999750096319312 -2.5343782009420146e-08 2.26615447900258e-05
2.9938460480474345e-08 2.5556075431744705e-08 0.9999999999999992 -72.7247543334961
0 0 0 1
0.999975009631931 0.007069661695547048 -3.113671023412531e-08 0.2246687114238739
-0.007069661695547867 0.9999750096319311 -2.62375146650174e-08 2.2647767764283344e-05
3.0950441782015526e-08 2.64569849661475e-08 0.9999999999999992 -72.76905059814453
0 0 0 1
0.9999750096319313 0.00706966169554722 -1.7434215926395214e-08 0.2246687114238739
-0.0070696616955476955 0.9999750096319311 -2.7358167004387127e-08 2.263406895508524e-05
1.7240367272482703e-08 2.7480737310305493e-08 0.9999999999999994 -72.84211730957031
0 0 0 1
0.9999750096319314 0.007069661695547383 -5.376004948480276e-09 0.2246687114238739
-0.007069661695547532 0.9999750096319311 -2.8344341119544928e-08 2.262340422021225e-05
5.175485716981369e-09 2.8381639316652087e-08 0.9999999999999996 -72.91177368164062
0 0 0 1
0.9999750096319314 0.0070696616955474864 2.372425342826038e-09 0.2246687114238739
-0.007069661695547429 0.9999750096319312 -2.3432329947329927e-08 2.2614356566919014e-05
-2.5380246843708667e-09 2.341497212189975e-08 0.9999999999999998 -72.9791259765625
0 0 0 1
0.9999750096319314 0.007069661695547534 9.032157884806764e-09 0.2246687114238739
-0.0070696616955473815 0.9999750096319313 -1.679652156581077e-08 2.2606232960242778e-05
-9.150677881438492e-09 1.673224752019213e-08 0.9999999999999998 -73.04644775390625
0 0 0 1
0.9999750096319313 0.0070696616955475905 1.705457870866659e-08 0.2246687114238739
-0.007069661695547325 0.9999750096319313 -1.5597999267580168e-08 2.259878965560347e-05
-1.7164425075711366e-08 1.547703937779529e-08 0.9999999999999998 -73.11353302001953
0 0 0 1
0.9999750096319313 0.007069661695547613 1.9837186349783768e-08 0.2246687114238739
-0.007069661695547303 0.9999750096319313 -1.5644744811656375e-08 2.2590405933442526e-05
-1.994729365359637e-08 1.5504111660946284e-08 0.9999999999999997 -73.19623565673828
0 0 0 1
0.9999750096319313 0.007069661695547605 1.8910475670401598e-08 0.2246687114238739
-0.00706966169554731 0.9999750096319313 -1.5660046262342532e-08 2.2584317775908858e-05
-1.9020714309122173e-08 1.5525964259597987e-08 0.9999999999999997 -73.26274871826172
0 0 0 1
0.9999750096319314 0.00706966169554757 1.4314323596813861e-08 0.2246687114238739
-0.007069661695547346 0.9999750096319313 -1.5649395000063733e-08 2.2578831703867763e-05
-1.4424601794241659e-08 1.554780650059301e-08 0.9999999999999998 -73.32901000976562
0 0 0 1
0.9999750096319314 0.007069661695547534 9.718187510338578e-09 0.2246687114238739
-0.0070696616955473815 0.9999750096319313 -1.5638743794297374e-08 2.257395135529805e-05
-9.828505266473595e-09 1.5569648685075592e-08 0.9999999999999998 -73.39505767822266
0 0 0 1
0.9999750096319314 0.007069661695547502 5.589066880029836e-09 0.2246687114238739
-0.007069661695547414 0.9999750096319313 -1.5631397228268894e-08 2.256967854918912e-05
-5.699435886667763e-09 1.559149378575198e-08 0.9999999999999999 -73.46086883544922
0 0 0 1
0.9999750096319314 0.007069661695547538 1.0125038891788142e-08 0.2246687114238739
-0.007069661695547378 0.9999750096319313 -1.568948683381557e-08 2.2565378458239138e-05
-1.0235705216646214e-08 1.5617514155159775e-08 0.9999999999999998 -73.53897094726562
0 0 0 1
0.9999750096319314 0.007069661695547569 1.4116694652931534e-08 0.2246687114238739
-0.007069661695547347 0.9999750096319313 -1.5740605688078054e-08 2.256230618513655e-05
-1.4227622617823332e-08 1.5640412078857224e-08 0.9999999999999998 -73.60749053955078
0 0 0 1
0.9999750096319314 0.007069661695547546 1.4063065099719079e-08 0.2246687114238739
-0.007069661695547369 0.9999750096319314 -1.2589294671927957e-08 2.255993604194373e-05
-1.415171570422259e-08 1.2489558957882787e-08 0.9999999999999998 -73.66869354248047
0 0 0 1
0.9999750096319314 0.007069661695547521 1.1597188992454545e-08 0.2246687114238739
-0.0070696616955473945 0.9999750096319314 -1.0897589311018907e-08 2.2557840566150844e-05
-1.1673941436678967e-08 1.0815328781471795e-08 0.9999999999999999 -73.71154022216797
0 0 0 1
0.9999750096319314 0.007069661695547495 8.52337429446215e-09 0.2246687114238739
-0.0070696616955474205 0.9999750096319314 -8.82765564809894e-09 2.2555534087587148e-05
-8.585569825136844e-09 8.767177674862701e-09 0.9999999999999999 -73.7375259399414
0 0 0 1
0.9999750096319314 0.00706966169554749 8.976225805491152e-09 0.2246687114238739
-0.007069661695547426 0.9999750096319314 -7.176538711020051e-09 2.255389881611336e-05
-9.026737182213666e-09 7.112900493130487e-09 0.9999999999999999 -73.74026489257812
0 0 0 1
0.9999212873358104 0.007069661810312662 -0.010365279418100651 0.22467060387134552
-0.007069282058964947 0.9999750096291341 7.327539163613046e-05 2.2539008568855934e-05
0.010365538418157091 5.45857345478698e-09 0.9999462763645027 -73.73721313476562
0 0 0 1
0.9988244501288984 0.007069660826988547 -0.047955581866691535 0.22519248723983765
-0.007061526738823784 0.9999750096368236 0.0003390344017164893 1.8848317267838866e-05
0.047956780297456245 3.757653846934994e-09 0.9988494117397316 -73.73331451416016
0 0 0 1
0.997212956637409 0.007069660944619549 -0.0742720604286863 0.22877085208892822
-0.007050133786277201 0.9999750096345884 0.0005250899613149871 -6.451427907450125e-06
0.0742739165507643 1.4543294988428324e-09 0.997237877977145 -73.73057556152344
0 0 0 1
0.9964048952426805 0.007069663119869478 -0.08442336490282086 0.234853133559227
-0.007044422957569658 0.9999750096192237 0.000596859969597803 -4.945295586367138e-05
0.08442547472971741 -3.0076714035986996e-10 0.9964297964025293 -73.73013305664062
0 0 0 1
0.9960157398423714 0.007069664269451547 -0.08889693798910855 0.24374760687351227
-0.007041672681488254 0.9999750096105162 0.0006284892437790485 -0.00011233631084905937
0.08889915962802433 -2.0197388345133405e-09 0.9960406312844162 -73.73054504394531
0 0 0 1
0.9959268915893397 0.007069668306453426 -0.08988685749482783 0.2564992308616638
-0.007041048419349792 0.999975009585062 0.0006354896691975129 -0.00020248955115675926
0.08988910388592786 -3.5935871431358457e-09 0.9959517808353266 -73.73140716552734
0 0 0 1
0.9960648859500016 0.0070696699499091555 -0.08834457038068338 0.2727644741535187
-0.007042025503043722 0.9999750095723187 0.0006245878762504882 -0.0003174835001118481
0.08834677824212184 -5.363532288443773e-09 0.9960897786562338 -73.73236846923828
0 0 0 1
0.9964347527686979 0.007069672358430771 -0.08407023079374412 0.29871630668640137
-0.0070446426387701785 0.999975009555857 0.0005943713886445434 -0.0005009606247767806
0.08407233185216753 -7.616722252912211e-09 0.9964596547335192 -73.73345184326172
0 0 0 1
0.9967921967419461 0.007069673612767815 -0.07972036782225218 0.3226512670516968
-0.00704717085341052 0.999975009548423 0.0005636203988464029 -0.0006701784441247582
0.07972236018626826 -9.434670060828876e-09 0.9968171076462984 -73.73403930664062
0 0 0 1
0.9971644792162538 0.0070696733291300065 -0.07492009997279374 0.34968212246894836
-0.007049802461432157 0.9999750095484449 0.0005296850342639131 -0.0008612851961515844
0.0749219723857348 -1.1221502928260296e-08 0.9971893994236909 -73.73439025878906
0 0 0 1
0.9975260982176919 0.007069674176345726 -0.06994071386622676 0.3796222507953644
-0.007052359825171455 0.9999750095431501 0.0004944834235525719 -0.0010729595087468624
0.06994246185239265 -1.3076941210443671e-08 0.9975510274671378 -73.73448181152344
0 0 0 1
0.9978777431588474 0.007069674589769785 -0.06473043596414124 0.41389793157577515
-0.0070548462625015535 0.9999750095379277 0.0004576494487344637 -0.0013152859173715115
0.06473205375334151 -1.491735835551511e-08 0.997902681201126 -73.7343521118164
0 0 0 1
0.9982470325559855 0.007069675469097081 -0.05876123020500127 0.4579457938671112
-0.007057457916254739 0.9999750095356351 0.000415450356773683 -0.0016267017927020788
0.058762698833561076 -1.7234994660608738e-08 0.9982719798291697 -73.73388671875
0 0 0 1
0.998506377035212 0.007069674140948336 -0.05417596064534363 0.49609342217445374
-0.007059290094389823 0.9999750095413773 0.0003830350151192499 -0.0018964040791615844
0.05417731469598936 -1.908087230578781e-08 0.9985313307838085 -73.73334503173828
0 0 0 1
0.9987319604475172 0.007069674621664711 -0.049844665870397445 0.5363450646400452
-0.007060885408406249 0.9999750095364776 0.00035241524655082145 -0.0021809821482747793
0.049845911690299435 -2.087312770716887e-08 0.9987569198385322 -73.73269653320312
0 0 0 1
0.9989262355368234 0.007069677933498103 -0.045786416727504595 0.5785319209098816
-0.0070622622175970425 0.9999750095187293 0.00032372589300941074 -0.0024792426265776157
0.04578756114053252 -2.2658959471753837e-08 0.9989511998007413 -73.73189544677734
0 0 0 1
0.9991280402800475 0.007069677138959822 -0.04114825306691363 0.6332086324691772
-0.007063688209008785 0.9999750095194412 0.0002909359647925132 -0.0028658066876232624
0.04114928157567042 -2.384019041120483e-08 0.9991530095869723 -73.73087310791016
0 0 0 1
0.9992637295598475 0.007069678708029565 -0.03770966070488167 0.6791684031486511
-0.007064649257061389 0.999975009510601 0.00026662316089198085 -0.0031907439697533846
0.03771060326203714 -2.1342388807632506e-08 0.9992887022678787 -73.72991180419922
0 0 0 1
0.999378452438917 0.007069680096100983 -0.03453590307110079 0.7265889048576355
-0.0070654618709805606 0.999975009502961 0.0002441827415757573 -0.003526007756590843
0.03453676629546252 -1.8898786366579323e-08 0.9994034280227131 -73.72895050048828
0 0 0 1
0.9994751437290786 0.00706968021101788 -0.03161418608309833 0.7753453254699707
-0.0070661457114657 0.9999750095003143 0.0002235242059902844 -0.0038707172498106956
0.031614976273392346 -1.6457879178834872e-08 0.9995001217328788 -73.72798919677734
0 0 0 1
0.9995599657919824 0.007069681163795788 -0.02880788909228395 0.8277313709259033
-0.007066746465048529 0.9999750094941238 0.00020368150786202483 -0.004241090267896652
0.02880860913181658 -1.3851085522466333e-08 0.9995849459226269 -73.72698211669922
0 0 0 1
0.9996276210628653 0.007069680818183664 -0.026356003237810937 0.878875195980072
-0.007067224530851392 0.9999750094971657 0.00018634457774961396 -0.00460267998278141
0.026356661984648717 -1.1415689294465986e-08 0.9996526028819448 -73.72602081298828
0 0 0 1
0.9996963919663963 0.007069680544329687 -0.023603888273828057 0.9435917139053345
-0.007067710560098778 0.9999750094976896 0.00016688450381151113 -0.005060230847448111
0.023604478220899092 -8.395616905246955e-09 0.9997213755043399 -73.7248306274414
0 0 0 1
0.9997418762867154 0.0070696808036146315 -0.021591674167949895 0.9968839883804321
-0.007068032456923511 0.9999750094935006 0.00015265599532348446 -0.005437011364847422
0.021592213810255487 -5.931849818199136e-09 0.9997668609660465 -73.72386932373047
0 0 0 1
0.9997799155797419 0.007069681243214649 -0.019751962374664263 1.0510027408599854
-0.00706830188811171 0.9999750094917038 0.0001396470522053257 -0.005819635931402445
0.01975245602322228 -3.487391664509787e-09 0.9998049012119333 -73.72290802001953
0 0 0 1
0.9998117123712759 0.007069681624403349 -0.01807095573520372 1.1058754920959473
-0.007068527118255571 0.999975009490874 0.00012776012254631748 -0.006207591388374567
0.018071407356169144 -1.037844164341467e-09 0.9998366987992895 -73.72203063964844
0 0 0 1
0.9998439338781426 0.00706968003917243 -0.01619035196200067 1.1747593879699707
-0.007068753385332951 0.9999750094986427 0.0001144614940535118 -0.00669460603967309
0.016190756563146638 1.980092320576915e-09 0.9998689211039992 -73.72103881835938
0 0 0 1
0.9998651999923448 0.007069682817402593 -0.014818955503866041 1.2310882806777954
-0.007068906545575256 0.9999750094813815 0.00010476348896672357 -0.0070928544737398624
0.014819325815102466 4.439623125076023e-09 0.9998901877671639 -73.7202377319336
0 0 0 1
0.999882965549559 0.007069680521405252 -0.01356741751687665 1.2879765033721924
-0.007069029876972022 0.9999750094960724 9.591284200192291e-05 -0.0074950577691197395
0.013567756533431204 6.8641419703144996e-09 0.9999079537538628 -73.71943664550781
0 0 0 1
0.9998978074249365 0.007069683040827642 -0.012425549470521121 1.3453749418258667
-0.007069137349036218 0.9999750094775043 8.783756778380685e-05 -0.00790086667984724
0.012425859933324327 9.328216981404486e-09 0.9999227960188836 -73.71863555908203
0 0 0 1
0.9999107455067042 0.007069681426455963 -0.011336694076616105 1.4060043096542358
-0.007069227223839915 0.9999750094910977 8.01369417809633e-05 -0.008329520002007484
0.01133697730949832 1.1873679755126237e-08 0.9999357344105283 -73.71782684326172
0 0 0 1
0.9999232079192517 0.007069684376906646 -0.010178302772760373 1.4782508611679077
-0.00706931829900225 0.9999750094724046 7.194426101045804e-05 -0.008840305730700493
0.010178557034788937 1.491638918502472e-08 0.9999481971533399 -73.71703338623047
0 0 0 1
0.9999310810640563 0.007069681666673289 -0.009372978415568887 1.5342212915420532
-0.007069371260422319 0.9999750094885167 6.624840155172035e-05 -0.009236017242074013
0.009373212535152055 1.722788635534489e-08 0.9999560704788597 -73.71642303466797
0 0 0 1
0.9999383258994283 0.007069682198195218 -0.008565277953249661 1.5961480140686035
-0.007069423019870444 0.9999750094836033 6.0535526722301424e-05 -0.009673841297626495
0.008565491869474218 1.9782168392311686e-08 0.999963315500258 -73.71575164794922
0 0 0 1
0.9999450738712977 0.007069684065431526 -0.007737493955826615 1.6669340133666992
-0.007069472600929815 0.9999750094724761 5.4680254539862154e-05 -0.010174297727644444
0.007737687163886407 2.2747877234446587e-08 0.9999700636519404 -73.7149887084961
0 0 0 1
0.999949737652394 0.0070696844325186135 -0.007109270620431759 1.7267024517059326
-0.0070695059413974195 0.999975009468207 5.0236645620502425e-05 -0.010596859268844128
0.007109448113213627 2.4911370581919175e-08 0.9999747275538665 -73.71434783935547
0 0 0 1
0.9999536450545606 0.007069685738863331 -0.006536611537515427 1.7867261171340942
-0.007069534794477715 0.9999750094607912 4.619779416753164e-05 -0.011021222919225693
0.006536774787946751 1.514766792901079e-08 0.999978635060548 -73.71378326416016
0 0 0 1
0.9999569211466057 0.007069685688578136 -0.006014598245799125 1.8469820022583008
-0.007069557907874275 0.9999750094589384 4.250556177481609e-05 -0.01144722942262888
0.006014748438702049 1.6821490240450862e-08 0.9999819112363344 -73.71330261230469
0 0 0 1
0.9999596696232328 0.007069680991870381 -0.0055388400245486875 1.90744948387146
-0.0070695726293266755 0.9999750094965281 3.914288877727816e-05 -0.011874731630086899
0.005538978333865461 1.591629326773425e-08 0.999984659743967 -73.71282196044922
0 0 0 1
0.999962566466706 0.00706968005076171 -0.004988515749088523 1.9854745864868164
-0.0070695921540838555 0.999975009499754 3.525330158746806e-05 -0.012426360510289669
0.004988640313147292 1.4789830594919527e-08 0.9999875566565078 -73.71220397949219
0 0 0 1
0.9999644125470646 0.0070696806262152264 -0.00460361352663036 2.046358585357666
-0.007069605771338237 0.9999750094964508 3.2532979228859396e-05 -0.01285680290311575
0.004603728477779508 1.3910262561711746e-08 0.9999894027862367 -73.71172332763672
0 0 0 1
0.9999659657488704 0.007069680462336347 -0.004252876681668601 2.107398271560669
-0.007069616579752702 0.999975009496076 3.005420096678825e-05 -0.0132883470505476
0.004252982873737736 1.3030298011537569e-08 0.9999909560271727 -73.71124267578125
0 0 0 1
0.9999672740775655 0.007069681163544774 -0.003933240926302418 2.1685802936553955
-0.007069626523083859 0.999975009492645 2.7795295228173343e-05 -0.01372089795768261
0.003933339136488145 1.2157899518193925e-08 0.9999922643919417 -73.71076202392578
0 0 0 1
0.9999683775388167 0.007069680814438804 -0.003641913345665471 2.229891777038574
-0.007069633968551771 0.9999750094932411 2.5736527938203732e-05 -0.014154362492263317
0.0036420042814471415 1.128133323867117e-08 0.9999933678801259 -73.71028137207031
0 0 0 1
0.9999695087841833 0.007069681254419701 -0.0033167918357605193 2.3059639930725098
-0.0070696423990258 0.9999750094908906 2.3439050620811732e-05 -0.01469217799603939
0.0033168746540618126 1.0196562093202789e-08 0.999994499156063 -73.7096939086914
0 0 0 1
0.9999702987296376 0.0070696811258293265 -0.0030694078162051244 2.37045955657959
-0.007069647849890463 0.9999750094908662 2.1691001190248915e-05 -0.015148150734603405
0.003069484458606639 9.276522899717785e-09 0.9999952891212454 -73.70935821533203
0 0 0 1
0.9999709345807095 0.007069681541522491 -0.0028547497366832814 2.4321208000183105
-0.007069652756472585 0.9999750094889194 2.0174278522817467e-05 -0.015584088861942291
0.0028548210207536067 8.397412899643995e-09 0.999995924990123 -73.70903778076172
0 0 0 1
0.9999714739735527 0.007069681410884082 -0.002659105396799728 2.4938693046569824
-0.007069656435295074 0.9999750094890612 1.8791975614188222e-05 -0.016020642593503
0.002659171797680686 7.522816929345175e-09 0.9999964643962763 -73.7087173461914
0 0 0 1
0.9999719321400228 0.007069681567145731 -0.0024808330966476825 2.555696725845337
-0.007069659827217949 0.9999750094881896 1.753249283365806e-05 -0.016457755118608475
0.0024808950485023192 6.645920784889309e-09 0.9999969225750432 -73.7083969116211
0 0 0 1
0.9999724058681786 0.007069681668540393 -0.0022819074462243107 2.6323447227478027
-0.007069663274008256 0.9999750094875115 1.612720266659846e-05 -0.01699964329600334
0.0022819644343786104 5.560119313097536e-09 0.9999973963156894 -73.70800018310547
0 0 0 1
0.9999727258145035 0.007069682312976141 -0.0021371059134295944 2.6943249702453613
-0.007069666177757919 0.9999750094849158 1.5104353522889561e-05 -0.017437836155295372
0.0021371592890304537 4.683115940667341e-09 0.9999977162725869 -73.70767974853516
0 0 0 1
0.9999729990865298 0.007069682235213612 -0.0020051664760853856 2.756364107131958
-0.007069668029613321 0.9999750094850299 1.4172437077778307e-05 -0.01787644252181053
0.00200521656056769 3.8064976296589125e-09 0.9999979895513117 -73.70735931396484
0 0 0 1
0.9999732328725425 0.0070696822968995265 -0.0018849754320474942 2.8184566497802734
-0.00706966974202039 0.9999750094846517 1.3323583019772902e-05 -0.018315427005290985
0.0018850225190375192 2.9269618368019286e-09 0.9999982233435303 -73.70703887939453
0 0 0 1
0.9999734421132163 0.007069682445274925 -0.0017704973462711036 2.8835580348968506
-0.007069671367738086 0.9999750094839672 1.2515159479003948e-05 -0.018775682896375656
0.0017705415788299857 2.006707398231715e-09 0.9999984325901037 -73.70670318603516
0 0 0 1
0.9999736428432737 0.00706968262373438 -0.0016532422118103744 2.9575953483581543
-0.007069672963371837 0.9999750094831764 1.1687228158254549e-05 -0.019299114122986794
0.0016532835214241866 9.608837514454415e-10 0.9999986333259546 -73.7063217163086
0 0 0 1
0.9999737859039085 0.007069682118761667 -0.0015643207577676157 3.0198302268981934
-0.00706967346834455 0.9999750094849589 1.1059444994698456e-05 -0.01973910629749298
0.0015643598513469434 8.194133319463538e-11 0.9999987763883719 -73.70600128173828
0 0 0 1
0.9999739094335817 0.0070696825697878826 -0.0014832542499104216 3.082101345062256
-0.007069674791411651 0.9999750094832057 1.0487194183853347e-05 -0.020179351791739464
0.0014832913237521968 -7.959274274816491e-10 0.999998899922876 -73.70568084716797
0 0 0 1
0.9999740162497568 0.007069682192794905 -0.0014094037483102333 3.144404888153076
-0.007069675168404629 0.9999750094845363 9.965960423431069e-06 -0.02061982825398445
0.0014094389827570726 -1.6747698964952006e-09 0.9999990067403818 -73.70536041259766
0 0 0 1
0.9999741329474616 0.007069682667994785 -0.0013240188808856484 3.224553108215332
-0.007069676467298176 0.9999750094826977 9.363433351077243e-06 -0.02118646539747715
0.0013240519894694197 -2.806574194482705e-09 0.9999991234428321 -73.70494842529297
0 0 0 1
0.9999742102439442 0.007069682395231949 -0.001264293826183898 3.286921262741089
-0.007069676740061013 0.9999750094836601 8.94206387913623e-06 -0.0216273982077837
0.0012643254483793171 -3.684791553669074e-09 0.9999992007402771 -73.70462799072266
0 0 0 1
0.9999742774994238 0.007069682157922435 -0.0012099309925147135 3.349313497543335
-0.007069676977370526 0.9999750094844975 8.558604137374304e-06 -0.022068504244089127
0.0012099612623268578 -4.562592857806956e-09 0.9999992679965942 -73.70430755615234
0 0 0 1
0.9999743362632337 0.007069681950595894 -0.0011603490127627294 3.4117281436920166
-0.0070696771846970674 0.999975009485229 8.208945408247375e-06 -0.02250976301729679
0.0011603780496780122 -5.441444017568282e-09 0.9999993267611356 -73.70398712158203
0 0 0 1
0.9999743898919585 0.007069682648443293 -0.0011131711465113697 3.4771358966827393
-0.007069678260943207 0.9999750094826043 7.876324501632356e-06 -0.022972187027335167
0.001113199010901746 -6.3613240835948964e-09 0.9999993803938199 -73.70365142822266
0 0 0 1
0.9999744444731358 0.007069682455923275 -0.0010630107062517572 3.554461717605591
-0.0070696784534632255 0.9999750094832833 7.522784233672265e-06 -0.023518867790699005
0.0010630373247600524 -7.448267615167833e-09 0.9999994349756761 -73.70325469970703
0 0 0 1
0.9999744826089956 0.007069682321432287 -0.0010265100663705772 3.6169354915618896
-0.007069678587954213 0.9999750094837576 7.265608251287424e-06 -0.023960547521710396
0.0010265357788962132 -8.326639660513916e-09 0.9999994731120102 -73.70293426513672
0 0 0 1
0.9999745161916349 0.007069682203019171 -0.000993257352669907 3.6794240474700928
-0.0070696787063673295 0.9999750094841752 7.031394392070171e-06 -0.024402331560850143
0.0009932822403804474 -9.204754829173194e-09 0.9999995066950671 -73.7026138305664
0 0 0 1
0.999974547132337 0.007069682093944005 -0.0009616033984694317 3.7449026107788086
-0.007069678815442495 0.9999750094845596 6.8085254359975475e-06 -0.024865256622433662
0.0009616275016159128 -1.0124767897370284e-08 0.9999995376361538 -73.70230865478516
0 0 0 1
0.9999745732046016 0.007069682002052922 -0.0009340977096994669 3.807417392730713
-0.007069678907333578 0.9999750094848835 6.614943295129848e-06 -0.025307228788733482
0.0009341211316630731 -1.1003945615017702e-08 0.9999995637087421 -73.7021484375
0 0 0 1
0.9999745962587475 0.00706968280785588 -0.000909079474354419 3.869943380355835
-0.00706967987562427 0.9999750094818777 6.438946140918469e-06 -0.02574928104877472
0.0009091022772926749 -1.1882124851216231e-08 0.9999995867664664 -73.70198822021484
0 0 0 1
0.999974621280713 0.00706968271971953 -0.0008811262329208833 3.9473702907562256
-0.00706967996376062 0.9999750094821881 6.242409055617326e-06 -0.02629668079316616
0.000881148344970318 -1.2970488359582651e-08 0.9999996117887423 -73.70178985595703
0 0 0 1
0.9999746389904616 0.007069682657364088 -0.000860793395825383 4.009918689727783
-0.007069680026116062 0.9999750094824077 6.099537848659365e-06 -0.026738885790109634
0.0008608150059488692 -1.3849551117796496e-08 0.9999996294987105 -73.70162963867188
0 0 0 1
0.9999746547744877 0.007069682601810896 -0.000842257919278776 4.072473526000977
-0.007069680081669254 0.9999750094826031 5.969372964887933e-06 -0.027181146666407585
0.0008422790723890139 -1.4727851397835666e-08 0.9999996452829321 -73.70146942138672
0 0 0 1
0.9999746688477196 0.007069682552301836 -0.0008253805149662241 4.135037899017334
-0.007069680131178314 0.9999750094827773 5.8509304511581984e-06 -0.027623459696769714
0.0008254012525005644 -1.5606184783635807e-08 0.999999659356338 -73.70130920410156
0 0 0 1
0.9999746847822558 0.007069682496277631 -0.0008058443502529291 4.215486526489258
-0.007069680187202519 0.9999750094829742 5.713941770052125e-06 -0.028192225843667984
0.0008058646075396556 -1.673540571690813e-08 0.9999996752910713 -73.70110321044922
0 0 0 1
0.999974695188546 0.007069682459715196 -0.000792826157816354 4.275082588195801
-0.007069680223764954 0.9999750094831027 5.622741340834025e-06 -0.028613578528165817
0.0007928460956763691 -1.7571740783253937e-08 0.9999996856974899 -73.7009506225586
0 0 0 1
0.9999747050386328 0.007069682425128936 -0.0007803037105524803 4.337667465209961
-0.007069680258351214 0.9999750094832242 5.535087758089634e-06 -0.029056038707494736
0.0007803233416719339 -1.8450072794299276e-08 0.9999996955476982 -73.70079040527344
0 0 0 1
0.9999747138370794 0.0070696823942603656 -0.0007689458020510822 4.400253772735596
-0.0070696802892197845 0.9999750094833324 5.455667312165616e-06 -0.02949853427708149
0.0007689651555332109 -1.9328416754648466e-08 0.999999704346253 -73.70063018798828
0 0 0 1
0.999974723505972 0.007069682360370603 -0.0007562675350714536 4.477752208709717
-0.007069680323109547 0.9999750094834512 5.367121179847384e-06 -0.030046433210372925
0.0007562865793969943 -2.0415817389475848e-08 0.9999997140152644 -73.70043182373047
0 0 0 1
0.9999747304544151 0.007069682333642017 -0.0007470235953439655 4.540347099304199
-0.007069680349838133 0.9999750094835533 5.296219751265753e-06 -0.0304889976978302
0.0007470423694297565 -1.4867878094047132e-08 0.9999997209638097 -73.70027160644531
0 0 0 1
0.9999747366909885 0.007069682309072142 -0.0007386281948851431 4.602951526641846
-0.007069680374408008 0.9999750094836493 5.2301993404906905e-06 -0.030931590124964714
0.0007386467120329953 -8.201931545436382e-09 0.9999997272004789 -73.70011138916016
0 0 0 1
0.9999747423269763 0.007069682286681961 -0.0007309583392677257 4.66555643081665
-0.007069680396798189 0.9999750094837372 5.16930889319011e-06 -0.031374212354421616
0.0007309766176131109 -1.5364487203269614e-09 0.9999997328365546 -73.699951171875
0 0 0 1
0.9999747474113128 0.0070696822662909605 -0.0007239695004726548 4.728161334991455
-0.0070696804171891895 0.9999750094838178 5.113232527491555e-06 -0.03181684389710426
0.0007239875570306387 5.129645409815745e-09 0.9999997379209717 -73.69979095458984
0 0 0 1
0.9999747530394674 0.007069682243461046 -0.0007161536101912655 4.805683135986328
-0.007069680440019104 0.9999750094839087 5.049722644908565e-06 -0.032364875078201294
0.0007161714130776888 1.3382079371709876e-08 0.9999997435492173 -73.69959259033203
0 0 0 1
0.999974757090352 0.007069682228045483 -0.0007104748725013353 4.868298053741455
-0.007069680455434667 0.9999750094839671 5.006382121124211e-06 -0.03280758485198021
0.0007104925108986106 1.6574648506630226e-08 0.9999997476001603 -73.69943237304688
0 0 0 1
0.9999747607486544 0.007069682215466031 -0.0007053071740727545 4.930912971496582
-0.007069680468014119 0.9999750094840103 4.970724571474273e-06 -0.033250294625759125
0.0007053246895259335 1.569732074849944e-08 0.999999751258506 -73.69927215576172
0 0 0 1
0.9999747641989017 0.007069682203630784 -0.0007003984365020579 4.996509552001953
-0.007069680479849366 0.9999750094840509 4.936941259476335e-06 -0.033714085817337036
0.0007004158357898397 1.4776573179693686e-08 0.9999997547087938 -73.69910430908203
0 0 0 1
0.9999747678632801 0.007069682191094187 -0.0006951470944978332 5.074043273925781
-0.007069680492385963 0.9999750094840938 4.900901864221904e-06 -0.03426220268011093
0.0006951643702322875 1.3689747974137594e-08 0.9999997583732151 -73.69890594482422
0 0 0 1
0.999974770496602 0.007069682182115564 -0.0006913487055243192 5.1366682052612305
-0.007069680501364586 0.9999750094841243 4.8749268461915056e-06 -0.03470491245388985
0.0006913658925473495 1.2810713437367486e-08 0.9999997610065675 -73.69874572753906
0 0 0 1
0.999974772883034 0.007069682174004083 -0.0006878883220809243 5.19929313659668
-0.007069680509476067 0.9999750094841519 4.851340812873838e-06 -0.035147663205862045
0.0006879054288349609 1.1932345616181487e-08 0.9999997633930271 -73.6985855102539
0 0 0 1
0.9999747751431374 0.0070696821663496605 -0.000684594991332082 5.264900207519531
-0.0070696805171304895 0.9999750094841777 4.82897807652445e-06 -0.03561153635382652
0.0006846120222907126 1.1011720881694948e-08 0.9999997656531564 -73.69841766357422
0 0 0 1
0.9999747770107303 0.0070696821600480676 -0.0006818616080450371 5.324542999267578
-0.0070696805234320825 0.9999750094841989 4.810489634164529e-06 -0.03603323921561241
0.0006818785766049131 1.0175549659100533e-08 0.9999997675207706 -73.6982650756836
0 0 0 1
0.9999747792789493 0.007069682152430273 -0.0006785270663100086 5.405060768127441
-0.007069680531049877 0.9999750094842245 4.788044204601455e-06 -0.03660253807902336
0.0006785439595197477 9.046267490590951e-09 0.9999997697890151 -73.69805908203125
0 0 0 1
0.9999747808541194 0.007069682147169795 -0.0006762017108995716 5.467685699462891
-0.007069680536310355 0.999975009484242 4.7724828532724354e-06 -0.037045326083898544
0.0006762185522073327 8.167705859186427e-09 0.9999997713642026 -73.6978988647461
0 0 0 1
0.9999747822848455 0.007069682142417417 -0.0006740826395552732 5.530318737030029
-0.007069680541062733 0.9999750094842578 4.758380793846146e-06 -0.03748811408877373
0.0006740994341226411 7.288251612454547e-09 0.9999997727949445 -73.69773864746094
0 0 0 1
0.9999747835868373 0.007069682138117639 -0.000672148432264092 5.592953681945801
-0.007069680545362511 0.9999750094842719 4.745585683630659e-06 -0.03793090209364891
0.0006721651847109343 6.408810947469072e-09 0.9999997740969504 -73.69757843017578
0 0 0 1
0.9999747850307362 0.007069682133384984 -0.000669996880919076 5.670501708984375
-0.007069680550095166 0.9999750094842873 4.731462489659003e-06 -0.038479115813970566
0.0006700135872878026 5.3208674305368605e-09 0.9999997755408648 -73.69738006591797
0 0 0 1
0.9999747860859166 0.007069682129952777 -0.0006684201783592956 5.7331366539001465
-0.007069680553527373 0.9999750094842984 4.7211937314960395e-06 -0.03892190381884575
0.0006684368515337754 4.442582733125652e-09 0.9999997765960563 -73.69721984863281
0 0 0 1
0.999974787048432 0.007069682126846567 -0.0006669786896512534 5.795771598815918
-0.007069680556633583 0.9999750094843083 4.7118811085883154e-06 -0.03936469182372093
0.0006669953330119946 3.5641056542439885e-09 0.9999997775585815 -73.69705963134766
0 0 0 1
0.9999747879157284 0.007069682124075534 -0.0006656771295270217 5.8584065437316895
-0.0070696805594046164 0.9999750094843171 4.703557885353947e-06 -0.039807479828596115
0.0006656937465718784 2.685504265132247e-09 0.9999997784258867 -73.6968994140625
0 0 0 1
0.9999747887402972 0.007069682121468452 -0.0006644373264189407 5.9240241050720215
-0.007069680562011698 0.9999750094843252 4.695713765307243e-06 -0.04027135297656059
0.0006644539189916804 1.7644141477051898e-09 0.9999997792504637 -73.69673156738281
0 0 0 1
0.9999747894470772 0.007069682119262292 -0.0006633727834322692 5.986659049987793
-0.007069680564217858 0.9999750094843319 4.689065792896923e-06 -0.040714140981435776
0.0006633893556094347 8.862396710864352e-10 0.9999997799572504 -73.69657135009766
0 0 0 1
0.9999747902760734 0.00706968211670649 -0.0006621219785453925 6.067189693450928
-0.00706968056677366 0.9999750094843397 4.68135263200841e-06 -0.04128346964716911
0.0006621385274512209 -2.4358541302982404e-10 0.9999997807862544 -73.69636535644531
0 0 0 1
0.9999747908653587 0.007069682114914134 -0.0006612314149790276 6.129824638366699
-0.007069680568566016 0.999975009484345 4.6759360707419206e-06 -0.041726335883140564
0.0006612479478471318 -1.123161025000526e-09 0.9999997813755449 -73.69620513916016
0 0 0 1
0.9999747913811208 0.007069682113380842 -0.0006604509782369199 6.192459583282471
-0.007069680570099308 0.9999750094843494 4.671297606558615e-06 -0.042169202119112015
0.0006604674978160731 -2.0022526107406737e-09 0.9999997818913114 -73.696044921875
0 0 0 1
0.9999747918489642 0.007069682112015988 -0.00065974225198783 6.255094528198242
-0.007069680571464162 0.9999750094843531 4.667165017084457e-06 -0.042612068355083466
0.0006597587600623233 -2.8802358576369416e-09 0.9999997823591585 -73.69588470458984
0 0 0 1
0.9999747922979296 0.007069682110717411 -0.0006590614066825353 6.317729473114014
-0.007069680572762739 0.9999750094843568 4.66322989170953e-06 -0.043054934591054916
0.000659077903951618 -3.758568853124301e-09 0.9999997828081276 -73.69572448730469
0 0 0 1
0.9999747927751733 0.00706968210938731 -0.0006583369057104614 6.395277500152588
-0.00706968057409284 0.9999750094843602 4.659196155452772e-06 -0.04360324516892433
0.0006583533925679637 -4.846925127490538e-09 0.9999997832853748 -73.69552612304688
0 0 0 1
0.9999747931123433 0.007069682108483279 -0.0006578245684114494 6.457912445068359
